<?xml version="1.0" encoding="UTF-8" standalone="no"?>
<!DOCTYPE svg PUBLIC "-//W3C//DTD SVG 20010904//EN"
              "http://www.w3.org/TR/2001/REC-SVG-20010904/DTD/svg10.dtd">

<svg xmlns="http://www.w3.org/2000/svg"
     width="0.595238in" height="0.642857in"
     viewBox="0 0 50 54">
  <path id="Imported Path"
        fill="none" stroke="black" stroke-width="1"
        d="M 20.59,5.60
           C 18.09,7.04 13.80,9.51 11.03,11.10
             8.26,12.69 5.59,14.26 5.07,14.58
             5.07,14.58 4.17,15.19 4.17,15.19
             4.17,15.19 4.22,21.59 4.22,21.59
             4.22,21.59 4.29,28.00 4.29,28.00
             4.29,28.00 14.71,34.04 14.71,34.04
             20.44,37.34 25.25,40.08 25.42,40.08
             25.56,40.11 27.92,38.84 30.61,37.27
             33.31,35.73 35.69,34.48 35.86,34.53
             36.32,34.66 43.87,38.98 43.87,39.16
             43.87,39.23 39.73,41.67 34.68,44.58
             34.68,44.58 25.49,49.87 25.49,49.87
             25.49,49.87 15.69,44.22 15.69,44.22
             15.69,44.22 5.88,38.57 5.88,38.57
             5.88,38.57 5.88,35.71 5.88,35.71
             5.88,32.55 5.66,31.99 4.68,32.53
             4.19,32.77 4.17,33.02 4.17,36.17
             4.17,38.59 4.26,39.62 4.46,39.81
             4.63,39.94 7.21,41.45 10.17,43.17
             13.14,44.88 17.74,47.52 20.39,49.06
             23.04,50.60 25.34,51.85 25.49,51.85
             25.74,51.85 43.95,41.45 45.91,40.18
             47.55,39.13 47.33,38.91 41.30,35.41
             38.33,33.70 35.74,32.36 35.54,32.43
             35.34,32.50 33.06,33.75 30.49,35.22
             27.92,36.71 25.66,37.91 25.47,37.91
             25.27,37.91 23.41,36.91 21.32,35.71
             19.24,34.51 14.90,32.01 11.72,30.18
             11.72,30.18 5.88,26.83 5.88,26.83
             5.88,26.83 5.88,16.21 5.88,16.21
             5.88,16.21 15.69,10.56 15.69,10.56
             15.69,10.56 25.49,4.92 25.49,4.92
             25.49,4.92 35.29,10.56 35.29,10.56
             35.29,10.56 45.10,16.21 45.10,16.21
             45.10,16.21 45.10,23.87 45.10,23.87
             45.10,28.10 45.03,31.55 44.95,31.55
             44.88,31.55 42.94,30.50 40.66,29.20
             40.66,29.20 36.52,26.85 36.52,26.85
             36.52,26.85 36.52,23.94 36.52,23.94
             36.52,21.08 36.52,21.06 35.86,20.59
             34.83,19.88 25.74,14.67 25.52,14.67
             25.27,14.67 16.10,19.91 15.15,20.59
             15.15,20.59 14.46,21.06 14.46,21.06
             14.46,21.06 14.46,24.43 14.46,24.43
             14.46,28.12 14.63,28.69 15.66,28.12
             16.13,27.88 16.18,27.64 16.18,24.95
             16.18,24.95 16.18,22.06 16.18,22.06
             16.18,22.06 19.56,20.10 19.56,20.10
             21.40,19.03 23.51,17.85 24.19,17.46
             24.19,17.46 25.49,16.75 25.49,16.75
             25.49,16.75 27.01,17.58 27.01,17.58
             27.87,18.05 29.95,19.22 31.67,20.23
             31.67,20.23 34.78,22.06 34.78,22.06
             34.78,22.06 34.85,25.02 34.85,25.02
             34.85,25.02 34.93,28.00 34.93,28.00
             34.93,28.00 39.14,30.45 39.14,30.45
             41.47,31.79 43.97,33.21 44.71,33.60
             46.91,34.80 46.81,35.22 46.81,24.43
             46.81,24.43 46.81,15.16 46.81,15.16
             46.81,15.16 45.91,14.58 45.91,14.58
             43.63,13.13 25.71,2.94 25.44,2.94
             25.27,2.96 23.09,4.13 20.59,5.60 Z
           M 20.59,5.60" />
</svg>
